&pasrnml
n=1000
anres=30
tres=1.000000e-02
tmix=2.000000e-04
flstrmd=0.0, 1.0, 2.9421
cdtrp=0.05
cdtmix=0.01
part_in=.false.
part_out=.true.
full_op=.false.
iblock=10000
isave=50
etola=1.e-5
stomby=800.
mxmode=4
defC=2
beta_transit=.true.
Zdist=2
Zmean=0.217525
Zvar=0.01
mech='CH4'
/
