&pasrnml
n=1000
anres=30
tres=1.000000e-02
tmix=5.000000e-03
flstrmd=0.0, 1.0, 1.87794
cdtrp=0.05
cdtmix=0.01
part_in=.true.
part_out=.true.
full_op=.false.
iblock=10000
isave=50
etola=1.e-5
stomby=800.
mxmode=5
defC=2
dCdZ_lean=5
dCdZ_rich=5
Zdist=2
Zmean=0.217525
Zvar=0.02
mech='CH4'
/
